#t1=1.0, t2=1.2, t3=-0.5
#t	f(x)
8.360522401153480665e-01 1.078983405519934768e+00
8.707405635874532202e-01 1.042569455957488289e+00
1.341935589811247276e+00 7.497236848362418549e-01
1.847808336357039671e+00 6.222023687142730353e-01
1.866997964210037608e+00 6.190892093242645888e-01
2.276890900969268383e+00 5.696004747532925627e-01
2.339663310760569104e+00 5.642259294149041260e-01
2.731146960833423787e+00 5.392062481142743113e-01
2.994949678547340621e+00 5.282668685971338984e-01
3.250243913522570249e+00 5.206539404644350277e-01
3.549368441143549990e+00 5.143356147219122487e-01
3.753356449549474227e+00 5.111881317023267979e-01
4.931380033690686560e+00 5.026987652908070370e-01
5.267034283331422095e+00 5.018023924279828574e-01
5.351772379043834960e+00 5.016278415619803699e-01
6.169318168438302052e+00 5.006096824528405431e-01
6.869812434364286347e+00 5.002629591143306076e-01
6.910168435165990886e+00 5.002505250534865500e-01
6.935424605208380555e+00 5.002430443766339163e-01
7.085451029173386317e+00 5.002029931623599435e-01
7.689887104944266305e+00 5.000982725066378531e-01
8.234460237431848739e+00 5.000511217168115419e-01
8.308106980125698371e+00 5.000467974623508116e-01
8.924688251325914479e+00 5.000223294622940795e-01
8.941448547064540620e+00 5.000218848405779681e-01
9.426674229202362199e+00 5.000122253749814671e-01
9.496285264479888966e+00 5.000112456286214258e-01
9.812204481061916894e+00 5.000076973250928702e-01
1.058947935348746228e+01 5.000030287147738672e-01
1.125697052670964915e+01 5.000013595411940681e-01
1.174439718343138850e+01 5.000007574745763961e-01
1.186657819881940235e+01 5.000006541735300125e-01
1.215105422108239530e+01 5.000004649831817360e-01
1.219585601008936848e+01 5.000004406447808858e-01
1.252545941922740091e+01 5.000002966980130470e-01
1.298914713075505034e+01 5.000001700834926233e-01
1.486580186867597853e+01 5.000000178911041537e-01
1.508985771083562533e+01 5.000000136731848066e-01
1.524775872066008908e+01 5.000000113130325108e-01
1.529024576760571641e+01 5.000000107507007741e-01
1.635516666161931454e+01 5.000000029953644010e-01
1.666685139671769633e+01 5.000000020606967244e-01
1.682551579604608349e+01 5.000000017034351707e-01
1.744704584994273233e+01 5.000000008080032199e-01
1.760645100208822456e+01 5.000000006673268604e-01
1.819725594051020323e+01 5.000000003284268413e-01
1.834446490703391675e+01 5.000000002752456041e-01
1.845089533647123403e+01 5.000000002422444467e-01
1.854396139713070113e+01 5.000000002166467006e-01
1.891309646008178547e+01 5.000000001391156079e-01
